39
39
39
39
39
39
39
39
39
39
39
39
39
39
39
39
39
38;2;0;0;0
38;2;255;185;115
38;2;23;92;115
38;2;255;185;115
38;2;23;92;115
38;2;255;185;115
38;2;23;92;115
39
39
39
39
39
39
39
39
39
38;2;255;185;115
38;2;255;185;115
38;2;255;185;115
38;2;23;92;115
38;2;255;185;115
38;2;255;185;115
38;2;255;185;115
39
39
39
39
39
39
39
39
39
38;2;255;92;115
38;2;255;92;115
38;2;255;185;115
38;2;255;92;115
38;2;255;185;115
38;2;255;92;115
38;2;255;92;115
39
39
39
39
39
39
39
39
39
39
39
39
39
39
39
39
39
39
39
39
39
39
39
39
39
39
39
39
39
39
39
39
39
39
39
39
39
39
39
39
39
39
39
39
39
39
39
39
39
39
39
39
39
39
39
39
39
39
39
39
39
39
39
39
39
39
39
39
39
39
39
39
39
39
39
39
39
39
39
39
39
39
39
39
39
39
39
39
39
39
39
39
39
39
39
39
39
39
39
39
39
39
39
39
39
39
39
39
39
39
39
39
39
39
39
39
39
39
39
39
39
39
39
39
39
39
39
39
39
39
39
39
39
39
39
39
39
39
39
39
39
39
39
39
39
39
39
39
39
39
39
39
39
39
39
39
39
39
39
39
39
39
39
39
39
39
39
39
39
39
39
39
39
39
39
39
39
39
39
39
39
39
39
39
39
39
39
39
39
39
39
39
39
39
39
39
39
39
39
39
